3.259310637995381d-09
3.657006684133522d-09
4.103228987103440d-09
4.603898645756809d-09
5.165659242274955d-09
5.795964998467991d-09
6.503179688769331d-09
7.296687622440906d-09
8.187018167655402d-09
9.185985469814794d-09
1.030684521808187d-08
1.156447054032178d-08
1.297554936047243d-08
1.455880583715606d-08
1.633524882188818d-08
1.832845063377286d-08
2.056485984985559d-08
2.307415226167132d-08
2.588962465496837d-08
2.904863663782531d-08
3.259310637995177d-08
3.657006684133233d-08
4.103228987103032d-08
4.603898645756242d-08
5.165659242274149d-08
5.795964998466852d-08
6.503179688767723d-08
7.296687622438620d-08
8.187018167652177d-08
9.185985469810240d-08
1.030684521807544d-07
1.156447054031272d-07
1.297554936045960d-07
1.455880583713794d-07
1.633524882186263d-07
1.832845063373676d-07
2.056485984980455d-07
2.307415226159923d-07
2.588962465486661d-07
2.904863663768155d-07
3.259310637974862d-07
3.657006684104541d-07
4.103228987062510d-07
4.603898645698995d-07
5.165659242193288d-07
5.795964998352645d-07
6.503179688606394d-07
7.296687622210721d-07
8.187018167330265d-07
9.185985469355545d-07
1.030684521743316d-06
1.156447053940545d-06
1.297554935917806d-06
1.455880583532774d-06
1.633524881930562d-06
1.832845063012489d-06
2.056485984470269d-06
2.307415225439265d-06
2.588962464468699d-06
2.904863662330246d-06
3.259310635943768d-06
3.657006681235541d-06
4.103228983009933d-06
4.603898639974579d-06
5.165659234107345d-06
5.795964986930934d-06
6.503179672472802d-06
7.296687599421431d-06   
8.187018135139533d-06
9.185985423884906d-06
1.030684515320419d-05
1.156447044867963d-05
1.297554923102443d-05
1.455880565430590d-05
1.633524856360547d-05
1.832845026893888d-05
2.056485933451384d-05
2.307415153373175d-05
2.588962362672646d-05
2.904863518539498d-05
3.259310432833932d-05
3.657006394335278d-05
4.103228577752543d-05
4.603898067533305d-05
5.165658425512547d-05
5.795963844760435d-05
6.503178059114110d-05
7.296685320491716d-05
8.187014916065800d-05
9.185980876822480d-05
1.030683873030794d-04
1.156446137609776d-04
1.297553641566237d-04
1.455878755212661d-04
1.633522299359903d-04
1.832841415034715d-04
2.056480831565152d-04
2.307407946768097d-04
2.588952183073825d-04
2.904849139476423d-04
3.259290121871983d-04
3.656977704346702d-04
4.103188052080732d-04
4.603840823524888d-04
5.165577566246311d-04
5.795849628088763d-04
6.503016723918794d-04
7.296457428717168d-04
8.186693010825495d-04
9.185526174363936d-04
1.030619644742664d-03
1.156355412988042d-03
1.297425490078195d-03
1.455697737205225d-03
1.633266606038421d-03
1.832480241089536d-03
2.055970664263441d-03
2.306687324121386d-03
2.587934290610456d-03
2.903411352904328d-03
3.257259238854462d-03
3.654109084144006d-03
4.099136158966621d-03
4.598117620129730d-03
5.157493771005402d-03
5.784431747594796d-03
6.486889943651929d-03
7.273680225406205d-03
8.154523795159791d-03
9.140093790978490d-03
1.024203552902840d-02
1.147294922073348d-02
1.284631639413740d-02
1.437633782365761d-02
1.607764595927791d-02
1.796482470228150d-02
2.005166686532272d-02
2.235003056310450d-02
2.486817146060578d-02
2.760826570878996d-02
3.056292940840660d-02
3.371015082153947d-02
3.700640469889609d-02
4.037675904343854d-02
4.370198006397531d-02
4.680022581821748d-02
4.940470036173892d-02
5.113241873732236d-02
5.145070958588125d-02
4.963166081932442d-02
4.471849062227152d-02
3.548318927994959d-02
2.045137100594241d-02
-2.055686590846752d-03
-3.364448397733817d-02
-7.631137344836628d-02
-1.266434319474240d-01
-1.862749375868183d-01
-2.461353142118834d-01
-2.902983669488231d-01
-2.988075876343791d-01
-2.448506144120794d-01
-9.950017920516750d-02
1.356039300084103d-01
4.090540929938739d-01
5.774395803978510d-01
4.579255676063582d-01
-6.983450338615369d-02
-7.057283079838744d-01
-7.843150276726182d-01
2.525618358670842d-01
1.117654833553716d+00
7.963371572134337d-02
-1.549296620952233d+00
9.697650959898280d-01
5.225940449677521d-01
-1.381774620164276d+0
1.423198437144261d+00
-1.105404188998837d+00
7.665035503534489d-01
-5.127755029438128d-01
3.416091625526592d-01
-2.281756143521592d-01
1.525595524200158d-01
-1.019718288329912d-01
6.816636028940040d-02
-4.558829983347753d-02
3.048106828891331d-02   
-2.036157949348773d-02
1.359772703637349d-02
-9.089876615562834d-03
6.082728532868435d-03 
-4.067612709179460d-03
2.714872446310047d-03
-1.811284178407374d-03
1.211376498467895d-03 
-8.120640689866258d-04
5.434263037148710d-04
-3.619464423013651d-04
2.408209249456654d-04 
-1.612207404156712d-04
1.080929991731413d-04
-7.224329853265559d-05
4.828336916033548d-05 
-3.226989609827981d-05
2.156738877792332d-05
-1.441443310758029d-05
9.633798692655735d-06 
-6.438690759318149d-06
4.303259806095841d-06
-2.876057517121798d-06
1.922195548145859d-06 
-1.284687702980753d-06
8.586132122623766d-07
-5.738489179596249d-07
3.835284339216292d-07 
-2.563288960261459d-07
1.713158585561515d-07
-1.144979120490475d-07
7.652398309228667d-08 
-5.114433864785301d-08
3.418200765336290d-08
-2.284533690540880d-08
1.526854196553568d-08 
-1.020463715280719d-08
6.820207172073348d-09
-4.558243980013040d-09
3.046474638835332d-09 
-2.036092794892691d-09
1.360810235071803d-09
-9.094892435753511d-10
6.078516040376627d-10 
-4.062539223429088d-10
2.715173379862738d-10
-1.814669613575468d-10
1.212823398629785d-10 
-8.105831415591075d-11
5.417483123446647d-11
-3.620741894086165d-11
2.419900821998419d-11 
-1.617325995501925d-11
1.080929991819310d-11
-7.224329853499239d-12
4.828336916095709d-12
-3.226989609844425d-12
2.156738877796710d-12
-1.441443310759173d-12
9.633798692658917d-13
-6.438690759318773d-13
4.303259806096089d-13