-3.82704      0.000349998
-3.56608      -0.000418371
-3.30512      0.000772828
-3.04416      -0.000171356
-2.78320      0.001022172
-2.52224      0.000897638
-2.26128      0.002208974
-2.00032      0.003844944
-1.73936      0.006809040
-1.47840      0.013029162
-1.21744      0.022661391
-0.95648      0.042972904
-0.69552      0.075423603
-0.43456      0.139346367
-0.17360      0.234486236
0.087360      0.366178323
0.348320      0.284615486
0.609280      -0.235691746
0.870240      0.046994188
1.131200      -0.005901946
1.392160      0.000570165