       -0.676671159510999945D-13
        0.339808396836000006D-12
       -0.743411889153000031D-12
        0.893613024469000024D-12
       -0.547341591896000046D-12
       -0.584920181906000042D-13
        0.520780672882999964D-12
       -0.692656254605999998D-12
        0.688908045074000032D-12
       -0.639910528298000048D-12
        0.582098912530000031D-12
       -0.484912700477999973D-12
        0.354684337858000012D-12
       -0.210855291367999995D-12
        0.100452749274999999D-12
        0.558449957721000014D-14
       -0.567206735175000009D-13
        0.109107856853000001D-12
       -0.604067500755999954D-13
        0.884512134730999981D-13
        0.222321981826999985D-13
        0.838072239206999969D-13
        0.123647835899999997D-12
        0.144351787233999998D-12
        0.294276480713000014D-12
        0.339965995918000020D-12
        0.617024672340000007D-12
        0.825310217692000019D-12
        0.132560792613000006D-11
        0.190949961266999982D-11
        0.293458179766999986D-11
        0.433454210095000020D-11
        0.655863288797999977D-11
        0.978324910827000053D-11
        0.147126365223000011D-10
        0.220240108708000014D-10
        0.330577485691000020D-10
        0.495377381479999991D-10
        0.743047574433000013D-10
        0.111400535180999994D-09
        0.167052734515999992D-09
        0.250470107576999997D-09
        0.375597211629999986D-09
        0.563165204681000042D-09
        0.844458166896000009D-09
        0.126621795330999999D-08
        0.189866561358999995D-08
        0.284693620926999984D-08
        0.426886170262999988D-08
        0.640104325574000010D-08
        0.959798498616000062D-08
        0.143918931885000006D-07
        0.215798696769000005D-07
        0.323584600809999992D-07
        0.485195105813000006D-07
        0.727538583183000049D-07
        0.109090191747999997D-06
        0.163577866557000000D-06
        0.245275193919999981D-06
        0.367784458729999993D-06
        0.551470341585000043D-06
        0.826916206192000026D-06
        0.123991037294000002D-05
        0.185921554669000001D-05
        0.278777669034000003D-05
        0.418019870271999999D-05
        0.626794044911000018D-05
        0.939858833063999937D-05
        0.140925408889000007D-04
        0.211312291504999988D-04
        0.316846342900000029D-04
        0.475093313246000007D-04
        0.712354794719000003D-04
        0.106810848460000001D-03
        0.160146590551000009D-03
        0.240110903628000012D-03
        0.359981158972000001D-03
        0.539658308917999948D-03
        0.808925141200999946D-03
        0.121234066243000008D-02
        0.181650387594999995D-02
        0.272068483150999987D-02
        0.407274689462999977D-02
        0.609135552241000036D-02
        0.909940027635999966D-02
        0.135660714813000006D-01
        0.201692550906000002D-01
        0.298534800307999997D-01
        0.439060697220000004D-01
        0.639211368217000031D-01
        0.916763946228000004D-01
        0.128368795114000012D+00
        0.173241920046000003D+00
        0.219830379078999993D+00
        0.251193131178000018D+00
        0.232380049894999996D+00
        0.117121080205000005D+00
       -0.117252913087999996D+00
       -0.352148528535000005D+00
       -0.271162871370000003D+00
        0.291134747109999981D+00
        0.317192840623000016D+00
       -0.493075681594999982D+00
        0.311223091820999997D+00
       -0.136044122542999996D+00
        0.512141261934000031D-01
       -0.190806300760999990D-01
        0.757044398632999993D-02
       -0.325432753751000005D-02
        0.149774676371000007D-02
       -0.724569558272000020D-03
        0.362792644964999992D-03
       -0.185907973641000012D-03
        0.967201396593000029D-04
       -0.507744171677999978D-04
        0.267510121456000014D-04
       -0.140667136728000006D-04
        0.733363699546999997D-05
       -0.375638767049999984D-05
        0.186344211280000007D-05
       -0.871623576810999974D-06
        0.361028200288000023D-06
       -0.105847108097000006D-06
       -0.151569361490000015D-07
        0.667633241420000024D-07
       -0.833741579803999952D-07
        0.831065906135999969D-07
       -0.753457009757999965D-07
        0.648057680298999953D-07
       -0.537558016586999967D-07
        0.432436265302999981D-07
       -0.337262648712000001D-07
        0.253558687098000008D-07
       -0.181287021528000001D-08
        0.120228328586000000D-07
       -0.710898040664000017D-08
        0.353667004587999986D-08
       -0.136030600198000010D-08
        0.352544249042000013D-09
       -0.453719284365999980D-10
