1.156447054648637d-16
1.455880584491685d-16
1.832845064354326d-16
2.307415227397174d-16
2.904863665331116d-16
3.657006686082886d-16
4.603898648210914d-16
5.795965001557580d-16  
7.296687626330448d-16
9.185985474711453d-16
1.156447054648634d-15
1.455880584491681d-15  
1.832845064354321d-15
2.307415227397166d-15
2.904863665331103d-15
3.657006686082864d-15     
4.603898648210901d-15
5.795965001557501d-15
7.296687626330329d-15
9.185985474711278d-15     
1.156447054648612d-14
1.455880584491647d-14
1.832845064354265d-14
2.307415227397080d-14     
2.904863665330965d-14
3.657006686082646d-14
4.603898648210535d-14
5.795965001556953d-14     
7.296687626329462d-14
9.185985474709900d-14
1.156447054648389d-13
1.455880584491301d-13     
1.832845064353717d-13
2.307415227396208d-13
2.904863665329599d-13
3.657006686080477d-13     
4.603898648207092d-13
5.795965001551463d-13
7.296687626320796d-13
9.185985474696154d-13     
1.156447054646209d-12
1.455880584487839d-12
1.832845064348231d-12
2.307415227387515d-12     
2.904863665315808d-12
3.657006686058640d-12
4.603898648172482d-12
5.795965001496609d-12     
7.296687626233827d-12
9.185985474558366d-12
1.156447054624371d-11
1.455880584453228d-11     
1.832845064293375d-11
2.307415227300576d-11
2.904863665178019d-11
3.657006685840241d-11     
4.603898647826370d-11
5.795965000948059d-11
7.296687625364435d-11
9.185985473180428d-11     
1.156447054405990d-10
1.455880584107116d-10
1.832845063744824d-10
2.307415226431180d-10     
2.904863663800132d-10
3.657006683656435d-10
4.603898644365244d-10
5.795964995462562d-10    
7.296687616670499d-10
9.185985459401473d-10
1.156447052222165d-09
1.455880580645994d-09     
1.832845058259313d-09
2.307415217737235d-09
2.904863650021138d-09
3.657006661818234d-09     
4.603898609754006d-09
5.795964940607466d-09
7.296687529731007d-09
9.185985321611760d-09    
1.156447030383951d-08
1.455880546034779d-08
1.832845003404190d-08
2.307415130797806d-08     
2.904863512231297d-08
3.657006443436261d-08
4.603898263641547d-08
5.795964392056795d-08     
7.296686660335758d-08
9.185983943714872d-08
1.156446812001731d-07
1.455880199922772d-07     
1.832844454852834d-07
2.307414261403871d-07
2.904862134332549d-07
3.657004259617825d-07     
4.603894802516352d-07
5.795958906554214d-07
7.296677966382738d-07
9.185970164759857d-07     
1.156444628179741d-06
1.455876738807346d-06
1.832838969341425d-06
2.307405567480775d-06     
2.904848355357452d-06
3.656982421491810d-06
4.603860191324607d-06
5.795904051742752d-06     
7.296591027122000d-06
9.185832376013115d-06
1.156422790075531d-05
1.455842127958865d-05     
1.832784114711636d-05
2.307318629427335d-05
2.904710567601305d-05
3.656764044807223d-05     
4.603514087536846d-05
5.795355521527330d-05
7.295721667410295d-05
9.184454558911375d-05   
1.156204422278983d-04
1.455496047235377d-04
1.832235621566062d-04
2.306449358701818d-04    
2.903332902825535d-04
3.654580713105382d-04
4.600053900083832d-04
5.789871945981126d-04    
7.287031465075219d-04
9.170683245122596d-04
1.154022098295481d-03
1.452037965023791d-03    
1.826756086858394d-03
2.297767484717661d-03
2.889577754406488d-03
3.632790471922652d-03    
4.565537633632412d-03
5.735207473181395d-03
7.200470157233521d-03
9.033651050110031d-03   
1.132334380467910d-02
1.417727733464931d-02
1.772499346509631d-02
2.212023128150156d-02   
2.754164273887034d-02
3.419148067351661d-02
4.228846080133485d-02
5.205416439533162d-02    
6.368324102630288d-02
7.729769668970302d-02
9.286191525747088d-02
1.100669688846222d-01  
1.281325720732841d-01
1.455759302997095d-01
1.598450602566018d-01
1.675994998118554d-01    
1.619683745893242d-01
1.351613440916820d-01
8.220710085812771d-02
-5.378512256133189d-03   
-1.293051042068928d-01
-2.723112991886841d-01
-3.978468461558793d-01
-4.394993669496010d-01
-3.176425577428793d-01
1.665756359292827d-02
4.630044483056220d-01
7.298213861736705d-01  
3.957559489684660d-01
-4.902404478827365d-01
-1.020512348109581d+00
5.251407980261734d-02   
1.253864451347815d+00
-1.317577223583377d-01
-1.549527153893942d+00
1.822344193602740d+00  
-1.058204213789976d+00
2.629725097214586d-01
1.625578365785221d-01
-2.871269632839427d-01   
2.688993168200287d-01
-2.085718537012279d-01
1.489333044554680d-01
-1.023510671993418d-01   
6.920616476794303d-02
-4.650126535306088d-02
3.114481903045837d-02
-2.081379273802722d-02  
1.390327480927853d-02
-9.298886523349949d-03
6.224588805575879d-03
-4.160927227996026d-03  
2.775386859464604d-03
-1.851896921274413d-03
1.239790988028041d-03
-8.315445781273338d-04   
5.558587783122442d-04
-3.696533331522879d-04
2.460602463017792d-04
-1.651618293595525d-04  
1.114024919622099d-04
-7.389805836530149d-05
4.938931786488272d-05
-3.300905019751596d-05  
2.206139792679832d-05
-1.474460111811994d-05
9.854464474452981d-06
-6.586171392444854d-06
4.401827590217889d-06
-2.941934696111318d-06
1.966224160030928d-06
-1.314113957933395d-06  
8.782800707768828d-07
-5.869931432254631d-07
3.923132969292148d-07
-2.622002057839472d-07   
1.752399127209358d-07
-1.171205297822945d-07
7.827679370240814d-08
-5.231581895777865d-08  
3.496495939305279d-08
-2.336861793837973d-08
1.561827366110047d-08
-1.043837820431878d-08  
6.976426582137068d-09
-4.662652272535390d-09
3.116255286086561d-09
-2.082730266047119d-09   
1.391980105248554d-09
-9.303214367194074d-10
6.217746736151215d-10
-4.155593212088843d-10   
2.777365447188800d-10
-1.856235303493902d-10
1.240603574666303d-10
-8.291498532420789d-11   
5.541572611672626d-11
-3.703676348776440d-11
2.475329560347511d-11
-1.654371455635934d-11   
1.105689099773430d-11
-7.389805845555023d-12
4.938931788889779d-12
-3.300905020390523d-12
2.206139792849932d-12
-1.474460111857239d-12
9.854464474573356d-13
-6.586171392476662d-13   
4.401827590226633d-13
-2.941934696113489d-13  