1.45057196368950E-12
2.30631289598105E-12
3.64320536948999E-12
5.79396546914257E-12
9.15004961047229E-12
1.45558746896560E-11
2.29804372574880E-11
3.65683892634234E-11
5.71148753396331E-11
9.18710946031997E-11
1.44947733269136E-10
2.30811763738862E-10
3.64022985393662E-10
5.79887126491016E-10
9.14196132059897E-10
1.45692100251093E-09
2.29584510060120E-09
3.66046384632363E-09
5.76551105112013E-09
9.19696301429193E-09
1.44785285275618E-08
2.31079611096929E-08
3.63581379691254E-08
5.80615211040399E-08
9.12995723160894E-08
1.45890014115239E-07
2.29258205000328E-07
3.66584370066542E-07
5.75664115428937E-07
9.21158696030862E-07
1.44544166465982E-06
2.31477130263075E-06
3.62925974800163E-06
5.81695774481085E-06
9.11214133674801E-06
1.46183738124707E-05
2.28773909757450E-05
3.67382772071221E-05
5.74347607619488E-05
9.23328834888416E-05
1.44186266669803E-04
2.32066945062283E-04
3.61952875959411E-04
5.83298488820615E-04
9.15566619369201E-04
1.45577442890499E-03
2.27925312356092E-03
3.67676413952722E-03
5.69895472654025E-03
9.20510624200688E-03
1.42132102000687E-02
2.29123868493843E-02
3.50946200760518E-02
5.61768029444920E-02
8.45022671030620E-02
1.32463540105505E-01
1.90485863299017E-01
2.81286141685428E-01
3.56010522762759E-01
4.33309243425057E-01
3.16461020728106E-01
2.47352081803882E-02
-7.47772260113006E-01
-9.95202703676481E-01
-1.36446156452655E-01
2.09890043627222E+00
-1.65690410404236E+00
4.62148599921279E-01
1.22231649009525E-01
-2.25968385697522E-01
1.79689770408885E-01
-1.19467042032571E-01
7.48977429904807E-02
-4.59813823012438E-02
2.80135445790230E-02
-1.70189151223160E-02
1.03287126470041E-02
-6.26606904785256E-03
3.80087277675313E-03
-2.30541499845571E-03
1.39832030425257E-03
-8.48127578285446E-04
5.14416147517582E-04
-3.12009336671322E-04
1.89243267041275E-04
-1.14781852135769E-04
6.96187144024823E-05
-4.22258851996189E-05
2.56112941018460E-05
-1.55340351288337E-05
9.42186857940886E-06
-5.71465216624764E-06
3.46611174865687E-06
-2.10230304560365E-06
1.27511125317645E-06
-7.73394069600463E-07
4.69087215250451E-07
-2.84515778132916E-07
1.72567542603116E-07
-1.04667505469733E-07
6.34840511285370E-08
-3.85050234319902E-08
2.33544772384387E-08
-1.41652065132974E-08
8.59163203238056E-09
-5.21108823152504E-09
3.16068483291904E-09
-1.91705219497045E-09
1.16275088596111E-09
-7.05241110916807E-10
4.27752227693684E-10
-2.59444859267674E-10
1.57361264325241E-10
-9.54444312107995E-11
5.78899735820181E-11
-3.51120437851105E-11
2.12965310594490E-11
-1.29169990280222E-11
7.83455594082053E-12
-4.75189838308227E-12
2.88217206112021E-12
-1.74812572162355E-12
1.06029184719414E-12
