        0.291177828212969361D-12
        0.461480003334679552D-12
        0.731406748665091800D-12
        0.115918337988233001D-11
        0.183721420693289072D-11
        0.291173074570198386D-11
        0.461488456636772048D-11
        0.731391716324574127D-11
        0.115921011156521944D-10
        0.183716667048454491D-10
        0.291181527867107476D-10
        0.461473424283234083D-10
        0.731418447974758172D-10
        0.115916257503472181D-09
        0.183725120324727891D-09
        0.291166495461734946D-09
        0.461500155803215615D-09
        0.731370911117206523D-09
        0.115924710697593320D-08
        0.183710087712998249D-08
        0.291193226463370866D-08
        0.461452617643638611D-08
        0.731455439787878123D-08
        0.115909677264341238D-07
        0.183736816651063081D-07
        0.291145683120337733D-07
        0.461537133294057220D-07
        0.731305072749960820D-07
        0.115936397987182024D-06
        0.183689252672320661D-06
        0.291230146936200365D-06
        0.461386636053630530D-06
        0.731571952924485871D-06
        0.115888751856232026D-05
        0.183773510131221482D-05
        0.291079131350735016D-05
        0.461652214205137407D-05
        0.731092221084421874D-05
        0.115972187796347175D-04
        0.183620430989236047D-04
        0.291339526103999934D-04
        0.461159462342482245D-04
        0.731893876006358524D-04
        0.115810893795510129D-03
        0.183860191487073449D-03
        0.290794945473169951D-03
        0.461830937796143572D-03
        0.729953973840693506D-03
        0.115968538600025014D-02
        0.183109399247942113D-02
        0.290948654462246364D-02
        0.458591315445879173D-02
        0.728269055625937068D-02
        0.114399873877132699D-01
        0.181214054402943844D-01
        0.282583286949404308D-01
        0.444115363495854384D-01
        0.680786242116661194D-01
        0.104649182649983824D+00
        0.153632655077840186D+00
        0.221843204733134347D+00
        0.288104890087160503D+00
        0.339448364266888347D+00
        0.262155946805664675D+00
        0.506278773385341382D-02
       -0.574667584951861654D+00
       -0.826306163610540989D+00
       -0.628241669834056771D-01
        0.161158308458560895D+01
       -0.124044000637045460D+01
        0.270821979203525853D+00
        0.205516454554364986D+00
       -0.289456364705408642D+00
        0.245104183854612551D+00
       -0.183849809709804551D+00
        0.132841659730781048D+00
       -0.947674274899767410D-01
        0.672895064266681164D-01
       -0.476929741617985459D-01
        0.337796651182626848D-01
       -0.239185685183231217D-01
        0.169342882332790788D-01
       -0.119889069325376085D-01
        0.848759446471745310D-02
       -0.600878443645157679D-02
        0.425390142225323068D-02
       -0.301153378055000641D-02
        0.213200326493068713D-02
       -0.150934289857008238D-02
        0.106853299151763847D-02
       -0.756463440710629419D-03
        0.535535107806641396D-03
       -0.379129823064765887D-03
        0.268403360283971180D-03
       -0.190015027515216481D-03
        0.134520337723734401D-03
       -0.952331060124099384D-04
        0.674198759372553864D-04
       -0.477296169540345080D-04
        0.337899811130342579D-04
       -0.239214746834361705D-04
        0.169351071584028952D-04
       -0.119891377208884568D-04
        0.848765950790481736D-05
       -0.600880276790943932D-05
        0.425390658873730472D-05
       -0.301153523666050550D-05
        0.213200367531809811D-05
       -0.150934301423293773D-05
        0.106853302411585670D-05
       -0.756463449898055197D-06
        0.535535110396009700D-06
       -0.379129823794549013D-06
        0.268403360489652019D-06
       -0.190015027573185227D-06
        0.134520337740072189D-06
       -0.952331060170145664D-07
        0.674198759385531374D-07
       -0.477296169544002707D-07
        0.337899811131373478D-07
       -0.239214746834652224D-07
        0.169351071584110862D-07
       -0.119891377208907639D-07
        0.848765950790546797D-08
       -0.600880276790962185D-08
        0.425390658873735652D-08
       -0.301153523666052010D-08
        0.213200367531810224D-08
       -0.150934301423293884D-08
        0.106853302411585700D-08
       -0.756463449898055320D-09
        0.535535110396009746D-09
       -0.379129823794549030D-09
        0.268403360489651993D-09
       -0.190015027573185227D-09
        0.134520337740072211D-09
       -0.952331060170145624D-10
        0.674198759385531380D-10
       -0.477296169544002711D-10
        0.337899811131373463D-10
       -0.239214746834652231D-10
        0.169351071584110856D-10
       -0.119891377208907649D-10
        0.848765950790546762D-11
       -0.600880276790962265D-11
        0.425390658873735642D-11
       -0.301153523666052031D-11
        0.213200367531810255D-11
       -0.150934301423293877D-11
        0.106853302411585704D-11
       -0.756463449898055303D-12
        0.535535110396009732D-12
       -0.379129823794549018D-12
        0.268403360489651995D-12
       -0.190015027573185223D-12
        0.134520337740072193D-12
       -0.952331060170145663D-13
        0.674198759385531392D-13
       -0.477296169544002694D-13
        0.337899811131373431D-13
